61 317
61 318
61 319
61 320
61 321
61 322
61 323
61 324
61 325
61 326
61 327
61 328
61 329
61 330
61 331
61 332
61 333
61 334
61 335
61 336
61 337
61 338
61 339
61 340
61 341
61 342
61 343
61 344
61 345
61 346
61 347
61 348
61 349
61 350
61 351
61 352
61 353
61 354
61 355
61 356
62 313
62 314
62 315
62 316
62 357
62 358
62 359
63 298
63 299
63 300
63 301
63 302
63 303
63 304
63 305
63 306
63 307
63 308
63 309
63 310
63 311
63 312
63 360
63 361
64 292
64 293
64 294
64 295
64 296
64 297
64 362
64 363
64 364
65 288
65 289
65 290
65 291
65 365
65 366
66 282
66 283
66 284
66 285
66 286
66 287
66 367
66 368
67 279
67 280
67 281
67 369
67 370
67 371
67 372
68 275
68 276
68 277
68 278
68 373
68 374
69 273
69 274
69 375
70 270
70 271
70 272
70 376
70 377
70 378
71 266
71 267
71 268
71 269
71 379
71 380
71 381
72 264
72 265
72 382
72 383
72 384
72 385
73 262
73 263
73 386
73 387
73 388
74 259
74 260
74 261
74 389
74 390
75 258
75 391
75 392
75 393
76 257
76 394
77 253
77 254
77 255
77 256
77 395
78 252
78 396
78 397
79 250
79 251
79 398
80 249
80 398
81 248
81 398
82 245
82 246
82 247
82 399
83 244
83 400
84 242
84 243
84 401
85 240
85 241
85 401
86 239
86 402
87 237
87 238
87 402
88 235
88 236
88 402
89 233
89 234
89 402
90 232
90 402
91 231
91 402
92 230
92 403
93 228
93 229
93 403
94 226
94 227
94 404
94 405
95 225
95 406
96 225
96 407
96 408
96 409
96 410
96 411
96 412
97 224
97 412
98 223
98 413
98 414
98 415
98 416
98 417
98 418
98 419
98 420
98 421
98 422
98 423
98 424
98 425
98 426
98 427
98 428
98 429
98 430
98 431
98 432
99 220
99 221
99 222
99 433
99 434
100 219
100 435
101 218
101 436
101 437
102 217
102 438
103 216
103 439
104 215
104 440
104 441
104 442
105 214
105 443
106 213
106 443
107 211
107 212
107 444
108 211
108 445
109 209
109 210
109 445
110 208
110 446
110 447
111 207
111 448
111 449
112 206
112 450
113 205
113 450
114 205
114 451
114 452
115 204
115 453
116 203
116 454
117 202
117 454
118 202
118 455
119 200
119 201
119 456
120 199
120 456
121 199
121 456
122 197
122 198
122 457
123 197
123 457
124 196
124 458
125 195
125 458
126 194
126 458
127 194
127 458
128 193
128 458
129 192
129 459
130 191
130 459
131 190
131 460
131 461
132 190
132 462
133 189
133 463
134 188
134 463
135 188
135 464
135 465
136 187
136 465
137 186
137 465
138 186
138 465
139 185
139 466
139 467
140 185
140 468
141 184
141 469
142 183
142 470
143 182
143 470
144 182
144 470
145 181
145 471
146 181
146 472
146 473
146 474
147 181
147 475
148 180
148 475
149 180
149 476
150 179
150 477
151 179
151 478
152 178
152 478
153 178
153 479
154 177
154 479
155 177
155 480
156 177
156 480
157 176
157 481
158 175
158 481
159 175
159 482
160 174
160 483
161 173
161 483
162 173
162 484
163 173
163 485
164 172
164 485
165 172
165 485
166 172
166 485
167 171
167 485
168 170
168 485
169 170
169 485
170 169
170 485
171 169
171 485
172 169
172 485
173 168
173 485
174 168
174 485
175 168
175 485
176 168
176 485
177 167
177 485
178 167
178 485
179 166
179 485
180 166
180 484
181 166
181 483
182 166
182 482
183 165
183 482
184 165
184 482
185 164
185 482
186 164
186 480
186 481
187 164
187 479
188 164
188 479
189 163
189 479
190 163
190 479
191 163
191 479
192 162
192 478
192 479
193 162
193 477
194 162
194 477
195 162
195 477
196 162
196 477
197 161
197 477
198 161
198 478
199 160
199 478
200 160
200 478
201 160
201 479
202 160
202 480
203 160
203 481
204 160
204 482
204 483
204 484
204 485
204 486
204 487
205 159
205 487
206 159
206 488
207 159
207 488
208 159
208 489
209 159
209 490
210 159
210 490
211 158
211 490
212 158
212 490
213 158
213 490
214 158
214 490
215 158
215 490
216 157
216 490
217 157
217 490
218 157
218 490
219 157
219 490
220 157
220 491
220 492
220 493
221 157
221 493
222 157
222 493
223 157
223 494
224 157
224 494
225 157
225 494
226 156
226 494
227 156
227 495
228 156
228 495
229 156
229 496
230 156
230 496
231 156
231 497
232 156
232 497
233 156
233 497
234 156
234 497
235 156
235 497
236 156
236 497
237 156
237 497
238 156
238 498
239 156
239 499
240 156
240 500
241 156
241 500
242 156
242 500
243 156
243 500
244 156
244 500
245 156
245 501
246 156
246 501
247 156
247 501
248 156
248 501
249 156
249 501
250 156
250 501
251 156
251 501
252 156
252 501
253 156
253 501
254 156
254 501
255 156
255 501
256 156
256 501
257 156
257 501
258 156
258 501
259 156
259 501
260 156
260 501
261 156
261 500
262 156
262 500
263 156
263 500
264 156
264 500
265 156
265 500
266 156
266 500
267 157
267 500
268 157
268 500
269 157
269 500
270 157
270 500
271 157
271 500
272 157
272 500
273 158
273 499
274 158
274 498
275 158
275 498
276 158
276 498
277 158
277 498
278 158
278 498
279 159
279 497
280 159
280 497
281 159
281 496
282 160
282 495
283 160
283 495
284 160
284 495
285 160
285 494
286 160
286 494
287 160
287 494
288 161
288 493
289 161
289 493
290 162
290 493
291 162
291 493
292 163
292 493
293 163
293 493
294 163
294 493
295 164
295 492
296 165
296 492
297 166
297 492
298 166
298 492
299 167
299 492
300 167
300 492
301 167
301 492
302 168
302 169
302 492
303 170
303 491
304 170
304 491
305 170
305 491
306 171
306 491
307 172
307 491
308 172
308 491
309 173
309 491
310 174
310 491
311 174
311 491
312 174
312 490
313 175
313 490
314 176
314 490
315 176
315 489
316 176
316 488
317 177
317 488
318 177
318 488
319 177
319 488
320 177
320 488
321 177
321 488
322 177
322 488
323 178
323 488
324 178
324 487
325 178
325 486
326 179
326 486
327 180
327 485
328 180
328 485
329 180
329 485
330 180
330 484
331 181
331 484
332 181
332 483
333 181
333 483
334 181
334 482
335 181
335 482
336 182
336 481
337 182
337 480
338 182
338 479
339 182
339 479
340 182
340 478
341 183
341 478
342 183
342 477
343 183
343 477
344 183
344 477
345 183
345 477
346 183
346 476
347 184
347 475
348 184
348 474
349 184
349 474
350 185
350 473
351 186
351 473
352 186
352 472
353 186
353 472
354 187
354 471
355 187
355 470
356 187
356 470
357 188
357 470
358 189
358 469
359 189
359 469
360 190
360 468
360 469
361 190
361 467
362 191
362 466
363 192
363 466
364 192
364 465
365 193
365 464
366 194
366 463
367 194
367 462
368 194
368 462
369 195
369 461
370 196
370 460
371 197
371 459
372 198
372 459
373 198
373 458
374 199
374 457
375 199
375 457
376 200
376 456
377 201
377 455
378 201
378 455
379 202
379 454
380 203
380 452
380 453
381 204
381 451
382 204
382 450
383 205
383 449
384 206
384 448
385 207
385 208
385 447
386 209
386 446
387 210
387 445
388 211
388 444
389 212
389 443
390 212
390 443
391 213
391 442
392 214
392 440
392 441
393 215
393 438
393 439
394 216
394 437
395 217
395 436
396 218
396 435
397 219
397 435
398 220
398 433
398 434
399 221
399 432
400 222
400 431
401 223
401 224
401 430
402 225
402 226
402 429
403 227
403 428
404 228
404 427
405 229
405 423
405 424
405 425
405 426
406 230
406 422
407 231
407 421
408 232
408 420
409 233
409 418
409 419
410 234
410 416
410 417
411 235
411 236
411 415
412 237
412 238
412 414
413 239
413 240
413 413
414 241
414 409
414 410
414 411
414 412
415 241
415 242
415 408
416 243
416 244
416 245
416 407
417 246
417 247
417 406
418 248
418 249
418 402
418 403
418 404
418 405
419 250
419 251
419 252
419 399
419 400
419 401
420 253
420 254
420 397
420 398
421 255
421 256
421 395
421 396
422 257
422 258
422 393
422 394
423 259
423 260
423 261
423 392
424 262
424 388
424 389
424 390
424 391
425 263
425 264
425 265
425 266
425 384
425 385
425 386
425 387
426 267
426 268
426 381
426 382
426 383
427 269
427 379
427 380
428 270
428 271
428 272
428 375
428 376
428 377
428 378
429 273
429 274
429 275
429 371
429 372
429 373
429 374
430 276
430 277
430 278
430 279
430 280
430 281
430 282
430 366
430 367
430 368
430 369
430 370
431 283
431 284
431 285
431 286
431 364
431 365
432 287
432 288
432 289
432 361
432 362
432 363
433 290
433 291
433 292
433 293
433 356
433 357
433 358
433 359
433 360
434 294
434 295
434 296
434 297
434 298
434 299
434 300
434 301
434 352
434 353
434 354
434 355
435 302
435 303
435 304
435 347
435 348
435 349
435 350
435 351
436 305
436 306
436 307
436 308
436 309
436 310
436 311
436 312
436 313
436 314
436 315
436 316
436 317
436 318
436 319
436 320
436 321
436 322
436 323
436 324
436 325
436 326
436 327
436 328
436 329
436 330
436 331
436 332
436 333
436 334
436 335
436 336
436 337
436 338
436 339
436 340
436 341
436 342
436 343
436 344
436 345
436 346
