104 331
104 332
104 333
104 334
104 335
104 336
104 337
104 338
104 339
104 340
104 341
104 342
104 343
104 344
105 330
105 345
105 346
106 321
106 322
106 323
106 324
106 325
106 326
106 327
106 328
106 329
106 347
106 348
106 349
106 350
106 351
106 352
107 318
107 319
107 320
107 353
107 354
108 318
108 355
108 356
109 313
109 314
109 315
109 316
109 317
109 357
110 312
110 357
111 312
111 357
112 311
112 357
113 306
113 307
113 308
113 309
113 310
113 358
114 305
114 358
115 305
115 359
116 305
116 360
116 361
116 362
116 363
116 364
116 365
116 366
116 367
116 368
116 369
116 370
116 371
116 372
116 373
116 374
116 375
116 376
116 377
116 378
116 379
117 303
117 304
117 380
118 298
118 299
118 300
118 301
118 302
118 381
118 382
119 297
119 383
119 384
120 296
120 384
121 296
121 385
122 296
122 386
123 293
123 294
123 295
123 386
124 292
124 387
125 291
125 387
126 290
126 388
127 289
127 388
128 288
128 388
129 288
129 389
129 390
130 288
130 391
131 288
131 392
131 393
132 287
132 393
133 284
133 285
133 286
133 394
133 395
134 284
134 396
135 283
135 396
136 283
136 397
137 282
137 398
138 282
138 399
139 282
139 400
139 401
140 281
140 402
141 281
141 403
142 281
142 403
143 281
143 404
144 281
144 404
145 280
145 404
146 279
146 404
147 279
147 404
148 279
148 405
148 406
148 407
148 408
149 278
149 408
150 277
150 408
151 277
151 408
152 277
152 408
153 277
153 408
154 276
154 409
155 276
155 409
156 275
156 410
157 274
157 411
158 274
158 412
159 274
159 412
160 273
160 413
161 272
161 413
162 272
162 413
163 272
163 413
164 272
164 414
165 272
165 414
166 272
166 414
167 272
167 414
168 272
168 414
169 272
169 414
170 271
170 414
171 271
171 414
172 271
172 414
173 271
173 414
174 271
174 414
175 271
175 414
176 271
176 414
177 271
177 414
178 271
178 415
179 270
179 415
180 270
180 415
181 270
181 415
182 270
182 415
183 270
183 415
184 270
184 415
185 270
185 415
186 270
186 416
187 270
187 416
188 270
188 416
189 270
189 416
190 270
190 416
191 270
191 416
192 270
192 416
193 270
193 416
194 270
194 416
195 270
195 271
195 416
196 272
196 416
197 272
197 416
198 272
198 416
199 272
199 416
200 272
200 416
201 272
201 415
202 272
202 415
203 272
203 415
204 272
204 415
205 272
205 415
206 272
206 415
207 272
207 415
208 272
208 415
209 273
209 414
210 273
210 414
211 273
211 414
212 273
212 413
213 273
213 412
214 274
214 412
215 274
215 412
216 275
216 412
217 275
217 276
217 412
218 277
218 411
219 278
219 411
220 279
220 410
221 279
221 409
222 279
222 409
223 279
223 408
223 409
224 279
224 407
225 280
225 407
226 281
226 282
226 283
226 406
227 284
227 406
228 284
228 406
229 285
229 405
230 286
230 405
231 287
231 405
232 288
232 404
233 288
233 289
233 290
233 404
234 291
234 403
235 291
235 403
236 291
236 402
237 291
237 401
238 292
238 400
239 293
239 399
240 294
240 398
241 294
241 295
241 296
241 297
241 298
241 397
242 299
242 397
243 299
243 300
243 301
243 302
243 396
244 303
244 396
245 303
245 396
246 303
246 304
246 305
246 394
246 395
247 306
247 393
248 307
248 392
249 307
249 391
250 308
250 309
250 310
250 311
250 312
250 313
250 314
250 387
250 388
250 389
250 390
251 315
251 386
252 316
252 386
253 317
253 318
253 382
253 383
253 384
253 385
253 386
254 319
254 381
255 320
255 380
256 321
256 379
256 380
257 322
257 323
257 378
258 324
258 325
258 326
258 327
258 328
258 329
258 375
258 376
258 377
259 330
259 331
259 332
259 333
259 334
259 335
259 336
259 337
259 338
259 339
259 340
259 341
259 342
259 343
259 344
259 345
259 368
259 369
259 370
259 371
259 372
259 373
259 374
260 346
260 347
260 348
260 349
260 350
260 351
260 352
260 353
260 354
260 355
260 356
260 357
260 358
260 359
260 360
260 361
260 362
260 363
260 364
260 365
260 366
260 367
