109 362
109 363
109 364
109 365
109 366
109 367
109 368
109 369
109 370
109 371
109 372
109 373
109 374
109 375
109 376
109 377
110 360
110 361
110 378
110 379
110 380
110 381
110 382
111 358
111 359
111 383
111 384
112 347
112 348
112 349
112 350
112 351
112 352
112 353
112 354
112 355
112 356
112 357
112 385
112 386
113 346
113 386
114 342
114 343
114 344
114 345
114 387
115 342
115 388
116 341
116 389
117 338
117 339
117 340
117 389
118 338
118 389
118 396
118 397
118 398
118 399
118 400
118 401
118 402
118 403
118 404
118 405
118 406
118 407
118 408
119 337
119 389
119 395
119 409
120 333
120 334
120 335
120 336
120 390
120 391
120 392
120 393
120 394
120 410
121 332
121 411
121 412
122 332
122 412
123 326
123 327
123 328
123 329
123 330
123 331
123 413
123 414
124 326
124 415
124 416
125 325
125 416
126 324
126 416
127 324
127 417
128 323
128 417
129 321
129 322
129 418
130 319
130 320
130 419
131 319
131 420
131 421
131 422
132 319
132 423
133 318
133 424
133 425
134 317
134 426
135 317
135 427
136 316
136 427
137 315
137 428
138 315
138 428
139 312
139 313
139 314
139 429
139 430
139 431
140 312
140 432
141 312
141 433
142 312
142 434
143 312
143 434
144 312
144 434
145 312
145 434
146 311
146 434
147 311
147 434
148 311
148 434
149 311
149 434
150 311
150 434
151 311
151 434
152 311
152 435
153 311
153 436
153 437
154 311
154 437
155 311
155 438
156 311
156 438
157 311
157 439
158 311
158 439
159 311
159 440
160 311
160 440
161 311
161 440
162 311
162 440
163 311
163 440
164 312
164 440
165 312
165 440
166 312
166 440
167 312
167 440
168 312
168 441
169 312
169 441
170 313
170 441
171 313
171 441
172 314
172 442
173 314
173 442
174 314
174 442
175 314
175 442
176 314
176 442
177 315
177 442
178 315
178 442
179 315
179 442
180 316
180 442
181 316
181 442
182 317
182 442
183 317
183 442
184 318
184 442
185 319
185 441
186 319
186 441
187 320
187 441
188 320
188 441
189 321
189 441
190 321
190 441
191 322
191 441
192 322
192 441
193 323
193 441
194 323
194 441
195 323
195 324
195 441
196 325
196 440
197 325
197 440
198 325
198 440
199 326
199 440
200 326
200 440
201 327
201 440
202 327
202 439
203 328
203 439
204 328
204 439
205 328
205 439
206 329
206 439
207 330
207 439
208 331
208 439
209 332
209 439
210 332
210 438
211 332
211 438
212 333
212 438
213 333
213 437
214 334
214 437
215 334
215 436
216 335
216 436
217 336
217 435
218 336
218 435
219 336
219 435
220 337
220 435
221 337
221 435
222 338
222 434
223 339
223 434
224 339
224 434
225 340
225 433
226 340
226 433
227 340
227 433
228 341
228 433
229 341
229 433
230 342
230 432
231 342
231 432
232 343
232 431
233 344
233 431
234 344
234 431
235 345
235 430
236 345
236 430
237 346
237 430
238 346
238 429
239 347
239 428
240 347
240 428
241 348
241 427
242 348
242 427
243 349
243 427
244 350
244 427
245 350
245 426
246 351
246 426
247 351
247 425
248 352
248 425
249 352
249 424
250 353
250 424
251 354
251 423
252 354
252 422
253 354
253 421
254 355
254 421
255 355
255 420
256 356
256 419
257 356
257 357
257 418
258 358
258 417
259 359
259 417
260 360
260 416
261 361
261 415
262 362
262 414
263 362
263 414
264 363
264 413
265 363
265 364
265 412
266 365
266 410
266 411
267 365
267 409
268 366
268 408
269 367
269 405
269 406
269 407
269 408
270 368
270 369
270 404
271 370
271 404
272 371
272 402
272 403
272 404
273 372
273 373
273 400
273 401
274 374
274 375
274 376
274 377
274 378
274 379
274 380
274 381
274 382
274 397
274 398
274 399
275 383
275 384
275 385
275 386
275 387
275 388
275 389
275 390
275 391
275 392
275 393
275 394
275 395
275 396
