71 348
71 349
71 350
71 351
71 352
71 353
71 354
71 355
71 356
71 357
71 358
71 359
71 360
71 361
71 362
71 363
71 364
71 365
71 366
71 367
71 368
71 369
71 370
71 371
71 372
71 373
71 374
72 323
72 324
72 325
72 326
72 327
72 328
72 329
72 330
72 331
72 332
72 333
72 334
72 335
72 336
72 337
72 338
72 339
72 340
72 341
72 342
72 343
72 344
72 345
72 346
72 347
72 375
73 321
73 322
73 376
73 377
73 378
74 318
74 319
74 320
74 379
75 314
75 315
75 316
75 317
75 379
76 309
76 310
76 311
76 312
76 313
76 380
76 381
76 382
76 383
76 384
76 385
77 306
77 307
77 308
77 385
78 303
78 304
78 305
78 386
79 300
79 301
79 302
79 387
80 297
80 298
80 299
80 387
81 296
81 387
82 293
82 294
82 295
82 388
82 389
83 289
83 290
83 291
83 292
83 390
83 391
83 406
83 407
83 408
83 409
83 410
83 411
83 412
83 413
83 414
83 415
83 416
83 417
83 418
83 419
83 420
83 421
83 422
83 423
83 424
83 425
83 426
83 427
84 288
84 392
84 404
84 405
84 428
85 286
85 287
85 392
85 403
85 428
86 284
86 285
86 392
86 403
86 429
86 430
86 431
87 282
87 283
87 392
87 403
87 431
88 280
88 281
88 392
88 403
88 432
88 433
88 434
88 435
88 436
88 437
89 279
89 392
89 399
89 400
89 401
89 402
89 438
90 277
90 278
90 393
90 399
90 439
91 276
91 394
91 395
91 396
91 397
91 398
91 440
91 441
91 442
92 274
92 275
92 443
92 444
93 271
93 272
93 273
93 445
94 270
94 446
94 447
95 269
95 448
96 268
96 449
97 266
97 267
97 450
97 451
97 452
98 265
98 453
99 262
99 263
99 264
99 454
99 455
100 261
100 456
101 260
101 456
102 259
102 457
103 258
103 458
103 459
104 256
104 257
104 460
104 461
105 255
105 462
106 254
106 463
107 252
107 253
107 464
108 251
108 465
109 250
109 466
110 249
110 467
111 248
111 468
112 248
112 468
113 247
113 469
114 245
114 246
114 470
115 244
115 471
116 244
116 472
117 243
117 473
118 242
118 473
119 240
119 241
119 473
120 239
120 473
121 239
121 474
122 238
122 475
123 236
123 237
123 476
123 477
124 235
124 478
125 235
125 479
126 234
126 479
127 233
127 480
128 232
128 481
128 482
129 232
129 482
130 231
130 483
131 230
131 484
132 229
132 485
133 229
133 486
134 228
134 487
135 227
135 488
136 227
136 488
137 226
137 488
138 226
138 489
139 225
139 490
140 224
140 491
141 224
141 492
142 223
142 492
143 222
143 492
144 222
144 492
145 221
145 492
146 221
146 492
147 220
147 493
148 219
148 494
149 219
149 495
150 219
150 495
151 218
151 495
152 218
152 495
153 217
153 495
154 217
154 496
155 217
155 496
156 216
156 497
156 498
157 216
157 498
158 216
158 498
159 216
159 499
160 215
160 499
161 215
161 499
162 215
162 499
163 214
163 499
164 214
164 499
165 214
165 499
166 214
166 499
167 214
167 499
168 214
168 499
169 213
169 499
170 213
170 499
171 213
171 499
172 213
172 498
173 213
173 497
174 213
174 495
174 496
175 213
175 494
176 213
176 493
177 213
177 490
177 491
177 492
178 213
178 489
179 213
179 487
179 488
180 213
180 486
181 213
181 486
182 213
182 486
183 213
183 486
184 213
184 485
184 486
185 213
185 484
186 214
186 484
187 214
187 484
188 214
188 484
189 214
189 484
190 214
190 484
191 214
191 485
192 214
192 486
192 487
193 214
193 487
194 214
194 487
195 214
195 488
196 215
196 488
197 215
197 489
197 490
197 491
198 216
198 492
199 216
199 493
199 494
200 216
200 495
200 496
201 216
201 496
202 216
202 496
203 216
203 496
204 216
204 497
205 217
205 497
206 218
206 497
207 218
207 497
208 219
208 498
209 220
209 499
210 220
210 499
211 220
211 500
212 221
212 500
213 222
213 500
214 223
214 500
215 223
215 500
216 223
216 500
217 223
217 500
218 224
218 500
219 225
219 226
219 227
219 500
220 228
220 229
220 230
220 500
221 231
221 500
222 232
222 233
222 500
223 234
223 235
223 500
224 236
224 237
224 500
225 238
225 500
226 238
226 239
226 240
226 500
227 241
227 500
228 242
228 500
229 243
229 500
230 244
230 500
231 245
231 246
231 247
231 501
232 248
232 502
233 248
233 502
234 249
234 502
235 249
235 502
236 250
236 503
237 251
237 503
238 251
238 504
239 252
239 504
240 252
240 504
241 253
241 254
241 504
242 255
242 505
242 506
243 256
243 507
244 256
244 507
245 256
245 507
246 256
246 507
247 256
247 508
248 256
248 508
249 256
249 508
250 256
250 509
251 256
251 509
252 256
252 509
253 256
253 257
253 509
254 258
254 509
255 258
255 509
256 258
256 509
257 258
257 509
258 258
258 509
259 258
259 509
260 258
260 509
261 258
261 509
262 258
262 509
263 258
263 509
264 258
264 509
265 258
265 509
266 257
266 508
267 257
267 508
268 257
268 508
269 256
269 508
270 255
270 508
271 255
271 508
272 254
272 508
273 254
273 508
274 253
274 508
275 252
275 508
276 251
276 508
277 249
277 250
277 508
278 247
278 248
278 508
279 246
279 508
280 246
280 507
281 245
281 507
282 245
282 507
283 245
283 507
284 245
284 507
285 245
285 507
286 244
286 506
287 244
287 506
288 244
288 506
289 244
289 505
290 244
290 505
291 243
291 504
292 243
292 504
293 243
293 503
294 242
294 503
295 242
295 503
296 242
296 503
297 242
297 502
298 241
298 502
299 241
299 502
300 241
300 502
301 241
301 502
302 241
302 503
303 241
303 503
304 241
304 503
305 241
305 503
306 241
306 503
307 241
307 503
308 240
308 503
309 240
309 503
310 240
310 503
311 240
311 504
312 240
312 504
313 240
313 504
314 240
314 504
315 240
315 504
316 240
316 504
317 240
317 504
318 240
318 504
319 240
319 504
320 240
320 504
321 240
321 504
322 240
322 504
323 240
323 504
324 239
324 504
325 239
325 504
326 238
326 504
327 238
327 504
328 238
328 504
329 238
329 504
330 238
330 504
331 238
331 504
332 238
332 504
333 238
333 503
334 238
334 502
335 238
335 502
336 238
336 502
337 238
337 502
338 238
338 502
339 238
339 501
340 237
340 501
341 237
341 501
342 237
342 501
343 237
343 501
344 237
344 501
345 237
345 501
346 237
346 501
347 237
347 501
348 237
348 501
349 237
349 501
350 237
350 500
351 237
351 499
352 237
352 499
353 237
353 499
354 237
354 498
355 237
355 498
356 235
356 236
356 498
357 235
357 498
358 235
358 497
359 235
359 496
360 235
360 496
361 235
361 495
362 235
362 495
363 235
363 495
364 235
364 495
365 235
365 494
366 235
366 494
367 235
367 494
368 235
368 493
369 235
369 493
370 235
370 493
371 235
371 492
372 235
372 491
373 236
373 491
374 236
374 491
375 236
375 490
376 236
376 490
377 236
377 490
378 236
378 490
379 237
379 489
380 237
380 488
381 238
381 488
382 238
382 487
383 238
383 486
384 238
384 486
385 238
385 485
386 239
386 484
387 239
387 483
388 240
388 483
389 241
389 482
390 241
390 482
391 241
391 481
392 242
392 480
393 243
393 479
394 243
394 479
395 243
395 478
396 244
396 478
397 245
397 477
398 245
398 476
399 246
399 475
400 247
400 475
401 247
401 474
402 248
402 473
403 249
403 472
404 250
404 472
405 251
405 471
406 252
406 471
407 252
407 469
407 470
408 253
408 468
409 254
409 467
410 255
410 467
411 255
411 256
411 466
411 467
412 257
412 463
412 464
412 465
413 258
413 462
414 259
414 462
415 260
415 461
416 261
416 262
416 460
416 461
417 263
417 459
418 264
418 458
419 265
419 457
420 266
420 267
420 456
421 268
421 454
421 455
422 269
422 270
422 453
423 271
423 451
423 452
424 271
424 450
425 272
425 273
425 274
425 449
425 450
426 275
426 448
427 276
427 446
427 447
428 277
428 444
428 445
429 278
429 279
429 442
429 443
430 280
430 441
431 281
431 282
431 440
432 283
432 440
433 284
433 285
433 437
433 438
433 439
433 440
434 286
434 287
434 436
435 288
435 289
435 433
435 434
435 435
436 290
436 291
436 292
436 431
436 432
437 293
437 294
437 430
438 295
438 296
438 297
438 426
438 427
438 428
438 429
439 298
439 299
439 300
439 424
439 425
440 301
440 302
440 303
440 421
440 422
440 423
441 304
441 305
441 417
441 418
441 419
441 420
442 306
442 307
442 308
442 416
443 309
443 310
443 311
443 415
444 312
444 313
444 314
444 315
444 316
444 410
444 411
444 412
444 413
444 414
445 317
445 318
445 407
445 408
445 409
446 319
446 320
446 321
446 322
446 323
446 324
446 325
446 399
446 400
446 401
446 402
446 403
446 404
446 405
446 406
447 326
447 327
447 328
447 329
447 397
447 398
448 330
448 331
448 332
448 333
448 334
448 335
448 336
448 337
448 338
448 339
448 391
448 392
448 393
448 394
448 395
448 396
449 340
449 341
449 342
449 343
449 344
449 345
449 346
449 347
449 385
449 386
449 387
449 388
449 389
449 390
450 348
450 349
450 350
450 351
450 352
450 353
450 354
450 355
450 356
450 357
450 358
450 359
450 360
450 361
450 362
450 363
450 364
450 365
450 366
450 367
450 368
450 369
450 370
450 371
450 372
450 373
450 374
450 375
450 376
450 377
450 378
450 379
450 380
450 381
450 382
450 383
450 384
